0	0.003517
0	0.003782
0	0.003902
1	0.004022
1	0.003686
1	0.003914
2	0.003920
2	0.004203
2	0.003914
3	0.003848
3	0.003734
3	0.003728
4	0.002579
4	0.003776
4	0.003716
5	0.003343
5	0.003379
5	0.003836
6	0.004040
6	0.003133
6	0.003145
7	0.004768
7	0.004070
7	0.003914
8	0.000000
8	0.002664
8	0.003938
9	0.005808
9	0.006524
9	0.003764
10	0.006884
10	0.003962
10	0.004034
11	0.000000
11	0.000000
11	0.004341
12	0.007810
12	0.004750
12	0.004113
13	0.000000
13	0.005772
13	0.004010
14	0.000000
14	0.000000
14	0.004125
15	0.009031
15	0.006361
15	0.004215
16	0.000000
16	0.000000
16	0.002387
17	0.009758
17	0.007570
17	0.004876
18	0.000000
18	0.000000
18	0.002537
19	0.000000
19	0.007756
19	0.005916
20	0.010630
20	0.000000
20	0.002880
21	0.000000
21	0.008676
21	0.003355
22	0.000000
22	0.000000
22	0.003403
23	0.011057
23	0.009091
23	0.003980
24	0.000000
24	0.000000
24	0.004251
25	0.000000
25	0.000000
25	0.005014
26	0.012235
26	0.009776
26	0.000000
27	0.000000
27	0.000000
27	0.005087
28	0.000000
28	0.010961
28	0.005177
29	0.013690
29	0.000000
29	0.005513
30	0.000000
30	0.000000
30	0.000000
31	0.000000
31	0.000000
31	0.005748
32	0.000000
32	0.011995
32	0.006133
33	0.014099
33	0.000000
33	0.000000
34	0.000000
34	0.000000
34	0.005910
35	0.000000
35	0.012969
35	0.006235
36	0.000000
36	0.000000
36	0.000000
37	0.014616
37	0.000000
37	0.006379
38	0.000000
38	0.013919
38	0.000000
39	0.000000
39	0.000000
39	0.006181
40	0.000000
40	0.000000
40	0.006560
41	0.015783
41	0.000000
41	0.000000
42	0.000000
42	0.014532
42	0.007221
43	0.000000
43	0.000000
43	0.000000
44	0.000000
44	0.000000
44	0.007564
45	0.016817
45	0.000000
45	0.000000
46	0.000000
46	0.015290
46	0.008063
47	0.000000
47	0.000000
47	0.000000
48	0.000000
48	0.000000
48	0.008069
49	0.017617
49	0.000000
49	0.000000
50	0.000000
50	0.015771
50	0.008580
51	0.000000
51	0.000000
51	0.000000
52	0.000000
52	0.000000
52	0.000000
53	0.000000
53	0.000000
53	0.009049
54	0.000000
54	0.016937
54	0.000000
55	0.019883
55	0.000000
55	0.009440
56	0.000000
56	0.000000
56	0.000000
57	0.000000
57	0.000000
57	0.000000
58	0.000000
58	0.000000
58	0.010077
59	0.000000
59	0.018428
59	0.000000
60	0.020178
60	0.000000
60	0.010985
61	0.000000
61	0.000000
61	0.000000
62	0.000000
62	0.000000
62	0.000000
63	0.000000
63	0.000000
63	0.011754
64	0.000000
64	0.019487
64	0.000000
65	0.021513
65	0.000000
65	0.000000
66	0.000000
66	0.000000
66	0.011676
67	0.000000
67	0.000000
67	0.000000
68	0.000000
68	0.000000
68	0.000000
69	0.000000
69	0.019114
69	0.000000
70	0.000000
70	0.000000
70	0.012933
71	0.021807
71	0.000000
71	0.000000
72	0.000000
72	0.000000
72	0.000000
73	0.000000
73	0.017869
73	0.013558
74	0.000000
74	0.000000
74	0.000000
75	0.000000
75	0.000000
75	0.000000
76	0.020178
76	0.000000
76	0.000000
77	0.000000
77	0.000000
77	0.014117
78	0.000000
78	0.018224
78	0.000000
79	0.000000
79	0.000000
79	0.000000
80	0.000000
80	0.000000
80	0.000000
81	0.020827
81	0.000000
81	0.015127
82	0.000000
82	0.000000
82	0.000000
83	0.000000
83	0.017364
83	0.000000
84	0.000000
84	0.000000
84	0.000000
85	0.000000
85	0.000000
85	0.015969
86	0.019943
86	0.000000
86	0.000000
87	0.000000
87	0.018374
87	0.000000
88	0.000000
88	0.000000
88	0.000000
89	0.000000
89	0.000000
89	0.016961
90	0.000000
90	0.000000
90	0.000000
91	0.019378
91	0.000000
91	0.000000
92	0.000000
92	0.018981
92	0.000000
93	0.000000
93	0.000000
93	0.000000
94	0.000000
94	0.000000
94	0.017761
95	0.000000
95	0.000000
95	0.000000
96	0.020298
96	0.000000
96	0.000000
97	0.000000
97	0.018068
97	0.000000
98	0.000000
98	0.000000
98	0.000000
99	0.000000
99	0.000000
99	0.019306
100	0.000000
100	0.000000
100	0.000000
101	0.000000
101	0.018025
101	0.000000
102	0.020358
102	0.000000
102	0.000000
103	0.000000
103	0.000000
103	0.000000
104	0.000000
104	0.000000
104	0.020016
105	0.000000
105	0.000000
105	0.000000
106	0.019300
106	0.017178
106	0.000000
107	0.000000
107	0.000000
107	0.000000
108	0.000000
108	0.000000
108	0.000000
109	0.000000
109	0.000000
109	0.019330
110	0.000000
110	0.017322
110	0.000000
111	0.018657
111	0.000000
111	0.000000
112	0.000000
112	0.000000
112	0.000000
113	0.000000
113	0.000000
113	0.000000
114	0.000000
114	0.016589
114	0.019685
115	0.016637
115	0.000000
115	0.000000
116	0.000000
116	0.000000
116	0.000000
117	0.000000
117	0.000000
117	0.000000
118	0.000000
118	0.016047
118	0.000000
119	0.000000
119	0.000000
119	0.020244
120	0.016582
120	0.000000
120	0.000000
121	0.000000
121	0.000000
121	0.000000
122	0.000000
122	0.000000
122	0.000000
123	0.000000
123	0.016294
123	0.000000
124	0.015428
124	0.000000
124	0.020100
125	0.000000
125	0.000000
125	0.000000
126	0.000000
126	0.000000
126	0.000000
127	0.000000
127	0.017070
127	0.000000
128	0.016047
128	0.000000
128	0.000000
129	0.000000
129	0.000000
129	0.020839
130	0.000000
130	0.000000
130	0.000000
131	0.000000
131	0.016739
131	0.000000
132	0.015278
132	0.000000
132	0.000000
133	0.000000
133	0.000000
133	0.000000
134	0.000000
134	0.000000
134	0.000000
135	0.014821
135	0.016721
135	0.021603
136	0.000000
136	0.000000
136	0.000000
137	0.000000
137	0.000000
137	0.000000
138	0.000000
138	0.000000
138	0.000000
139	0.012897
139	0.015801
139	0.000000
140	0.000000
140	0.000000
140	0.022649
141	0.000000
141	0.000000
141	0.000000
142	0.011893
142	0.000000
142	0.000000
143	0.000000
143	0.014105
143	0.000000
144	0.000000
144	0.000000
144	0.000000
145	0.011267
145	0.000000
145	0.000000
146	0.000000
146	0.012999
146	0.021320
147	0.010107
147	0.000000
147	0.000000
148	0.000000
148	0.000000
148	0.000000
149	0.008929
149	0.011099
149	0.000000
150	0.000000
150	0.000000
150	0.000000
151	0.007937
151	0.000000
151	0.020875
152	0.000000
152	0.010708
152	0.000000
153	0.007185
153	0.000000
153	0.000000
154	0.000000
154	0.000000
154	0.000000
155	0.006025
155	0.010690
155	0.000000
156	0.005706
156	0.000000
156	0.019793
157	0.000000
157	0.009614
157	0.000000
158	0.004894
158	0.000000
158	0.000000
159	0.004624
159	0.008971
159	0.000000
160	0.004419
160	0.000000
160	0.000000
161	0.004624
161	0.000000
161	0.018717
162	0.004455
162	0.008959
162	0.000000
163	0.004275
163	0.000000
163	0.000000
164	0.004389
164	0.008381
164	0.000000
165	0.004317
165	0.000000
165	0.016847
166	0.000000
166	0.007498
166	0.000000
167	0.004263
167	0.000000
167	0.000000
168	0.003944
168	0.007419
168	0.000000
169	0.007341
169	0.007173
169	0.016306
170	0.003445
170	0.000000
170	0.000000
171	0.003072
171	0.006884
171	0.000000
172	0.003048
172	0.000000
172	0.000000
173	0.006037
173	0.006475
173	0.014863
174	0.002778
174	0.006487
174	0.000000
175	0.003048
175	0.000000
175	0.000000
176	0.005784
176	0.005652
176	0.000000
177	0.002676
177	0.004744
177	0.013943
178	0.005495
178	0.004443
178	0.000000
179	0.002429
179	0.004395
179	0.000000
180	0.005297
180	0.004101
180	0.013630
181	0.002706
181	0.000000
181	0.000000
182	0.004948
182	0.004221
182	0.000000
183	0.002694
183	0.004155
183	0.000000
184	0.005471
184	0.004173
184	0.014719
185	0.002531
185	0.003914
185	0.000000
186	0.005255
186	0.003920
186	0.000000
187	0.002808
187	0.006932
187	0.000000
188	0.005008
188	0.003914
188	0.014454
189	0.002682
189	0.003638
189	0.000000
190	0.005285
190	0.003433
190	0.000000
191	0.002627
191	0.003529
191	0.014033
192	0.005111
192	0.003523
192	0.000000
193	0.002465
193	0.003331
193	0.000000
194	0.004551
194	0.006067
194	0.000000
195	0.004642
195	0.002910
195	0.013137
196	0.002381
196	0.002772
196	0.000000
197	0.004365
197	0.005243
197	0.000000
198	0.003842
198	0.002658
198	0.012783
199	0.003830
199	0.005207
199	0.000000
200	0.003914
200	0.004954
200	0.000000
201	0.003974
201	0.002477
201	0.012266
202	0.003938
202	0.005363
202	0.000000
203	0.004143
203	0.002507
203	0.000000
204	0.004070
204	0.005381
204	0.011448
205	0.004046
205	0.003000
205	0.000000
206	0.004630
206	0.003036
206	0.000000
207	0.002152
207	0.005772
207	0.010426
208	0.004419
208	0.002844
208	0.000000
209	0.004744
209	0.002952
209	0.009127
210	0.002441
210	0.005760
210	0.000000
211	0.004588
211	0.002790
211	0.008622
212	0.004437
212	0.005237
212	0.000000
213	0.004449
213	0.002700
213	0.007437
214	0.002195
214	0.005171
214	0.000000
215	0.004582
215	0.002507
215	0.006752
216	0.004317
216	0.004660
216	0.006524
217	0.003950
217	0.004221
217	0.000000
218	0.003830
218	0.004155
218	0.006043
219	0.003794
219	0.004167
219	0.005267
220	0.003710
220	0.001924
220	0.000000
221	0.005249
221	0.004191
221	0.004738
222	0.003944
222	0.004371
222	0.004101
223	0.003950
223	0.003980
223	0.007161
224	0.003998
224	0.003932
224	0.003812
225	0.003716
225	0.003776
225	0.003698
226	0.003830
226	0.005159
226	0.003511
227	0.003601
227	0.003788
227	0.003427
228	0.003698
228	0.003920
228	0.002976
229	0.003812
229	0.003644
229	0.005363
230	0.003956
230	0.003565
230	0.004119
231	0.003932
231	0.003349
231	0.003692
232	0.003878
232	0.004557
232	0.004010
233	0.003734
233	0.004654
233	0.003932
234	0.003836
234	0.003319
234	0.003848
235	0.003517
235	0.003181
235	0.003421
236	0.005610
236	0.004630
236	0.005063
237	0.003734
237	0.004401
237	0.003084
238	0.003734
238	0.003277
238	0.004732
239	0.003638
239	0.003283
239	0.002988
240	0.003668
240	0.004545
240	0.004497
241	0.004028
241	0.004690
241	0.003133
242	0.003836
242	0.003289
242	0.004263
243	0.003854
243	0.003343
243	0.004010
244	0.003595
244	0.004570
244	0.004137
245	0.005177
245	0.004299
245	0.003307
246	0.003668
246	0.003247
246	0.004846
247	0.003127
247	0.003704
247	0.003686
248	0.004239
248	0.003770
248	0.003583
249	0.004089
249	0.003878
249	0.003806
250	0.003571
250	0.003896
250	0.003890
251	0.004311
251	0.004990
251	0.003890
252	0.004016
252	0.004143
252	0.003824
253	0.004305
253	0.003788
253	0.004786
254	0.003644
254	0.004064
254	0.004527
255	0.000391
255	0.000162
255	0.000000
